Data size: 600 Sample rate: 136.53334
<num elements:  599 , time in  S >
Time X(CH1) X(CH2)
Second Volt Volt
-30.199633,0.08000,-0.08000
-30.099466,0.00000,3.08000
-29.999299,0.80000,0.04000
-29.899132,0.04000,-0.04000
-29.798965,0.64000,0.60000
-29.698798,0.08000,0.00000
-29.598631,0.00000,-0.08000
-29.498464,0.04000,-0.08000
-29.398297,0.08000,0.00000
-29.298131,0.08000,-0.08000
-29.197964,0.00000,0.00000
-29.097797,0.00000,-0.08000
-28.997630,0.04000,0.00000
-28.897463,0.04000,0.00000
-28.797296,0.08000,-0.08000
-28.697129,0.04000,0.00000
-28.596962,0.08000,-0.08000
-28.496795,0.04000,-0.04000
-28.396628,0.08000,0.00000
-28.296461,0.04000,-0.04000
-28.196294,0.28000,0.16000
-28.096127,0.36000,0.08000
-27.995960,0.04000,-0.04000
-27.895793,0.08000,-0.04000
-27.795626,0.00000,0.00000
-27.695459,0.04000,-0.04000
-27.595292,0.04000,0.00000
-27.495126,0.08000,0.00000
-27.394959,0.04000,-0.08000
-27.294792,0.04000,0.00000
-27.194625,0.08000,-0.04000
-27.094458,0.04000,-0.08000
-26.994291,0.08000,0.00000
-26.894124,0.04000,0.00000
-26.793957,0.08000,-0.04000
-26.693790,0.08000,0.00000
-26.593623,0.04000,-0.04000
-26.493456,0.04000,-0.04000
-26.393289,0.08000,0.00000
-26.293122,0.04000,-0.04000
-26.192955,0.08000,0.00000
-26.092788,0.00000,0.00000
-25.992621,0.08000,-0.04000
-25.892454,0.04000,0.00000
-25.792287,0.04000,-0.08000
-25.692121,0.04000,-0.04000
-25.591954,0.08000,0.00000
-25.491787,0.08000,0.00000
-25.391620,0.04000,-0.04000
-25.291453,0.04000,0.00000
-25.191286,0.08000,-0.08000
-25.091119,0.04000,-0.08000
-24.990952,0.08000,0.00000
-24.890785,0.04000,-0.04000
-24.790618,0.08000,0.00000
-24.690451,0.08000,-0.04000
-24.590284,0.04000,0.00000
-24.490117,0.04000,-0.04000
-24.389950,0.08000,0.00000
-24.289783,0.04000,-0.04000
-24.189616,0.08000,0.00000
-24.089449,0.08000,0.00000
-23.989282,0.04000,-0.04000
-23.889116,0.08000,0.00000
-23.788949,0.04000,-0.04000
-23.688782,0.04000,-0.04000
-23.588615,0.04000,0.00000
-23.488448,0.04000,0.00000
-23.388281,0.08000,-0.08000
-23.288114,0.04000,0.00000
-23.187947,0.04000,-0.04000
-23.087780,0.04000,-0.08000
-22.987613,0.08000,0.00000
-22.887446,0.08000,-0.04000
-22.787279,0.00000,0.00000
-22.687112,0.08000,0.00000
-22.586945,0.04000,-0.04000
-22.486778,0.00000,0.00000
-22.386611,0.08000,-0.08000
-22.286444,0.04000,-0.04000
-22.186277,0.08000,0.00000
-22.086111,0.08000,0.00000
-21.985944,0.04000,-0.08000
-21.885777,0.08000,0.00000
-21.785610,0.04000,-0.04000
-21.685443,0.04000,-0.04000
-21.585276,0.08000,0.00000
-21.485109,0.04000,-0.04000
-21.384942,0.08000,0.00000
-21.284775,0.08000,0.00000
-21.184608,0.04000,-0.04000
-21.084441,0.08000,0.00000
-20.984274,0.04000,-0.04000
-20.884107,0.04000,-0.04000
-20.783940,0.04000,0.00000
-20.683773,0.04000,-0.08000
-20.583606,0.08000,-0.04000
-20.483439,0.08000,0.00000
-20.383272,0.04000,-0.04000
-20.283106,0.04000,-0.04000
-20.182939,0.08000,0.00000
-20.082772,0.04000,-0.04000
-19.982605,0.08000,0.00000
-19.882438,0.08000,0.00000
-19.782271,0.04000,-0.04000
-19.682104,0.00000,0.00000
-19.581937,0.08000,-0.08000
-19.481770,0.04000,-0.08000
-19.381603,0.08000,-0.04000
-19.281436,0.08000,0.00000
-19.181269,0.04000,-0.04000
-19.081102,0.08000,0.00000
-18.980935,0.00000,-0.08000
-18.880768,0.04000,-0.08000
-18.780601,0.08000,0.00000
-18.680434,0.08000,0.00000
-18.580267,0.04000,-0.04000
-18.480101,0.08000,0.00000
-18.379934,0.04000,-0.04000
-18.279767,0.08000,0.00000
-18.179600,0.00000,-0.08000
-18.079433,0.08000,-0.04000
-17.979266,0.00000,0.00000
-17.879099,0.08000,0.00000
-17.778932,0.04000,-0.04000
-17.678765,0.08000,0.00000
-17.578598,0.04000,-0.08000
-17.478431,0.04000,-0.04000
-17.378264,0.04000,0.00000
-17.278097,0.08000,-0.08000
-17.177930,0.04000,0.00000
-17.077763,0.08000,0.00000
-16.977596,0.04000,-0.04000
-16.877429,0.04000,0.00000
-16.777262,0.08000,-0.08000
-16.677095,0.04000,-0.08000
-16.576929,0.08000,0.00000
-16.476762,0.08000,0.00000
-16.376595,0.04000,-0.08000
-16.276428,0.00000,-0.08000
-16.176261,0.08000,0.00000
-16.076094,0.04000,-0.04000
-15.975927,0.00000,0.00000
-15.875760,0.04000,-0.08000
-15.775593,0.08000,0.00000
-15.675426,0.08000,0.00000
-15.575259,0.00000,-0.08000
-15.475092,0.04000,-0.04000
-15.374925,0.08000,0.00000
-15.274758,0.04000,-0.08000
-15.174591,0.04000,0.00000
-15.074424,0.04000,0.00000
-14.974257,0.08000,-0.04000
-14.874090,0.04000,-0.04000
-14.773924,0.08000,0.00000
-14.673757,0.04000,-0.04000
-14.573590,0.08000,0.00000
-14.473423,0.08000,0.00000
-14.373256,0.00000,-0.04000
-14.273089,0.08000,0.00000
-14.172922,0.04000,-0.04000
-14.072755,0.04000,0.00000
-13.972588,0.08000,-0.08000
-13.872421,0.08000,0.00000
-13.772254,0.04000,-0.08000
-13.672087,0.00000,-0.04000
-13.571920,0.08000,-0.08000
-13.471753,0.04000,-0.04000
-13.371586,0.08000,0.00000
-13.271419,0.04000,-0.04000
-13.171252,0.08000,0.00000
-13.071085,0.08000,0.00000
-12.970919,0.00000,-0.08000
-12.870752,0.00000,-0.04000
-12.770585,0.08000,0.00000
-12.670418,0.04000,-0.04000
-12.570251,0.08000,0.00000
-12.470084,0.08000,0.00000
-12.369917,0.00000,-0.08000
-12.269750,0.08000,0.00000
-12.169583,0.04000,-0.08000
-12.069416,0.04000,-0.08000
-11.969249,0.08000,0.00000
-11.869082,0.04000,-0.04000
-11.768915,0.04000,0.00000
-11.668748,0.08000,0.00000
-11.568581,0.04000,-0.08000
-11.468414,0.08000,-0.04000
-11.368247,0.04000,0.00000
-11.268080,0.04000,-0.08000
-11.167914,0.08000,0.00000
-11.067747,0.08000,0.00000
-10.967580,0.04000,-0.04000
-10.867413,0.08000,0.00000
-10.767246,0.04000,-0.04000
-10.667079,0.04000,0.00000
-10.566912,0.04000,-0.08000
-10.466745,0.04000,0.00000
-10.366578,0.08000,-0.08000
-10.266411,0.04000,0.00000
-10.166244,0.08000,-0.08000
-10.066077,0.04000,0.00000
-9.965910,0.08000,-0.08000
-9.865743,0.04000,0.00000
-9.765576,0.08000,-0.08000
-9.665409,0.00000,0.00000
-9.565242,0.08000,-0.08000
-9.465075,0.04000,0.00000
-9.364909,0.08000,-0.08000
-9.264742,0.04000,-0.04000
-9.164575,0.04000,0.00000
-9.064408,0.08000,0.00000
-8.964241,0.04000,-0.04000
-8.864074,0.08000,0.00000
-8.763907,0.04000,-0.04000
-8.663740,0.04000,0.00000
-8.563573,0.08000,-0.08000
-8.463406,0.04000,-0.04000
-8.363239,0.08000,0.00000
-8.263072,0.00000,0.00000
-8.162905,0.08000,-0.04000
-8.062738,0.04000,-0.04000
-7.962571,0.04000,0.00000
-7.862404,0.04000,-0.04000
-7.762237,0.08000,0.00000
-7.662070,0.08000,0.00000
-7.561904,0.00000,-0.08000
-7.461737,0.08000,0.00000
-7.361570,0.04000,-0.04000
-7.261403,0.04000,-0.04000
-7.161236,0.04000,0.00000
-7.061069,0.08000,0.00000
-6.960902,0.04000,-0.04000
-6.860735,0.08000,0.00000
-6.760568,0.00000,-0.04000
-6.660401,0.04000,-0.04000
-6.560234,0.08000,0.00000
-6.460067,0.04000,-0.04000
-6.359900,0.08000,0.00000
-6.259733,0.08000,0.00000
-6.159566,0.04000,-0.04000
-6.059399,0.00000,0.00000
-5.959232,0.04000,-0.08000
-5.859065,0.04000,-0.04000
-5.758898,0.08000,0.00000
-5.658732,0.08000,-0.08000
-5.558565,0.04000,0.00000
-5.458398,0.08000,0.00000
-5.358231,0.04000,-0.04000
-5.258064,0.08000,-0.04000
-5.157897,0.00000,0.00000
-5.057730,0.04000,-0.04000
-4.957563,0.08000,0.00000
-4.857396,0.04000,0.00000
-4.757229,0.04000,-0.04000
-4.657062,0.04000,0.00000
-4.556895,0.08000,-0.08000
-4.456728,0.04000,-0.04000
-4.356561,0.04000,0.00000
-4.256394,0.08000,0.00000
-4.156227,0.00000,-0.04000
-4.056060,0.04000,-0.04000
-3.955893,0.04000,0.00000
-3.855727,0.04000,-0.04000
-3.755560,0.04000,0.00000
-3.655393,0.00000,0.00000
-3.555226,0.08000,-0.04000
-3.455059,0.08000,0.00000
-3.354892,0.00000,-0.04000
-3.254725,0.00000,0.00000
-3.154558,0.08000,-0.08000
-3.054391,0.04000,-0.04000
-2.954224,0.08000,0.00000
-2.854057,0.04000,0.00000
-2.753890,0.08000,-0.04000
-2.653723,0.08000,0.00000
-2.553556,0.04000,-0.04000
-2.453389,0.04000,-0.04000
-2.353222,0.08000,0.00000
-2.253055,0.08000,0.00000
-2.152888,0.04000,-0.08000
-2.052722,0.04000,0.00000
-1.952555,0.08000,-0.08000
-1.852388,0.04000,-0.04000
-1.752221,0.08000,0.00000
-1.652054,0.00000,-0.04000
-1.551887,0.08000,0.00000
-1.451720,0.04000,0.00000
-1.351553,0.08000,-0.04000
-1.251386,0.04000,-0.04000
-1.151219,0.08000,0.00000
-1.051052,0.08000,-0.04000
-0.950885,0.00000,0.00000
-0.850718,0.08000,0.00000
-0.750551,0.00000,-0.08000
-0.650384,0.08000,0.00000
-0.550217,0.04000,-0.04000
-0.450050,0.08000,-0.08000
-0.349883,0.04000,0.00000
-0.249717,0.04000,-0.04000
-0.149550,0.04000,0.00000
-0.049383,0.04000,0.00000
0.050784,0.04000,-0.08000
0.150951,0.04000,-0.04000
0.251118,0.08000,0.00000
0.351285,0.04000,-0.08000
0.451452,0.04000,0.00000
0.551619,0.08000,0.00000
0.651786,0.00000,-0.04000
0.751953,0.04000,0.00000
0.852120,0.08000,-0.08000
0.952287,0.04000,0.00000
1.052454,0.08000,-0.08000
1.152621,0.04000,0.00000
1.252788,0.04000,-0.04000
1.352955,0.08000,-0.04000
1.453122,0.04000,0.00000
1.553288,0.04000,-0.04000
1.653455,0.08000,0.00000
1.753622,0.04000,-0.04000
1.853789,0.04000,0.00000
1.953956,0.08000,-0.08000
2.054123,0.04000,0.00000
2.154290,0.08000,0.00000
2.254457,0.00000,-0.08000
2.354624,0.04000,-0.04000
2.454791,0.08000,0.00000
2.554958,0.08000,0.00000
2.655125,0.00000,-0.04000
2.755292,0.04000,0.00000
2.855459,0.08000,-0.04000
2.955626,0.04000,0.00000
3.055793,0.08000,-0.08000
3.155960,0.04000,-0.04000
3.256127,0.00000,0.00000
3.356293,0.08000,0.00000
3.456460,0.00000,-0.08000
3.556627,0.04000,-0.04000
3.656794,0.08000,0.00000
3.756961,0.08000,0.00000
3.857128,0.00000,-0.08000
3.957295,0.04000,0.00000
4.057462,0.04000,-0.04000
4.157629,0.08000,0.00000
4.257796,0.04000,-0.04000
4.357963,0.04000,-0.04000
4.458130,0.04000,0.00000
4.558297,0.08000,0.00000
4.658464,0.04000,-0.08000
4.758631,0.04000,0.00000
4.858798,0.08000,-0.04000
4.958965,0.04000,-0.04000
5.059132,0.04000,0.00000
5.159298,0.08000,-0.04000
5.259465,0.00000,0.00000
5.359632,0.08000,0.00000
5.459799,0.04000,-0.08000
5.559966,0.04000,-0.04000
5.660133,0.08000,0.00000
5.760300,0.04000,-0.08000
5.860467,0.00000,0.00000
5.960634,0.08000,-0.08000
6.060801,0.04000,0.00000
6.160968,0.04000,0.00000
6.261135,0.04000,-0.04000
6.361302,0.04000,-0.04000
6.461469,0.08000,0.00000
6.561636,0.00000,-0.04000
6.661803,0.08000,0.00000
6.761970,0.04000,0.00000
6.862137,0.08000,-0.04000
6.962304,0.00000,-0.08000
7.062470,0.08000,0.00000
7.162637,0.04000,-0.04000
7.262804,0.08000,0.00000
7.362971,0.08000,0.00000
7.463138,0.04000,-0.04000
7.563305,0.08000,0.00000
7.663472,0.00000,-0.04000
7.763639,0.04000,-0.04000
7.863806,0.08000,0.00000
7.963973,0.08000,0.00000
8.064140,0.04000,-0.04000
8.164307,0.04000,0.00000
8.264474,0.08000,-0.04000
8.364641,0.04000,-0.04000
8.464808,0.08000,0.00000
8.564975,0.04000,0.00000
8.665142,0.08000,-0.08000
8.765309,0.08000,0.00000
8.865475,0.04000,-0.08000
8.965642,0.08000,0.00000
9.065809,0.04000,-0.04000
9.165976,0.04000,0.00000
9.266143,0.08000,-0.08000
9.366310,0.08000,0.00000
9.466477,0.04000,-0.04000
9.566644,0.08000,0.00000
9.666811,0.04000,-0.04000
9.766978,0.00000,-0.04000
9.867145,0.08000,0.00000
9.967312,0.08000,-0.04000
10.067479,0.04000,0.00000
10.167646,0.08000,0.00000
10.267813,0.04000,-0.04000
10.367980,0.04000,-0.04000
10.468147,0.08000,0.00000
10.568314,0.04000,-0.08000
10.668480,0.08000,0.00000
10.768647,0.04000,0.00000
10.868814,0.08000,-0.04000
10.968981,0.08000,0.00000
11.069148,0.04000,-0.04000
11.169315,0.04000,-0.04000
11.269482,0.08000,0.00000
11.369649,0.08000,0.00000
11.469816,0.04000,-0.04000
11.569983,0.04000,0.00000
11.670150,0.04000,-0.04000
11.770317,0.04000,-0.04000
11.870484,0.08000,0.00000
11.970651,0.04000,-0.04000
12.070818,0.04000,0.00000
12.170985,0.04000,0.00000
12.271152,0.12000,-0.04000
12.371319,0.08000,0.00000
12.471485,0.04000,-0.08000
12.571652,0.04000,-0.04000
12.671819,0.08000,0.00000
12.771986,0.08000,0.00000
12.872153,0.04000,-0.08000
12.972320,0.08000,0.00000
13.072487,0.04000,-0.08000
13.172654,0.04000,-0.08000
13.272821,0.08000,0.00000
13.372988,0.04000,-0.04000
13.473155,0.08000,0.00000
13.573322,0.04000,0.00000
13.673489,0.00000,-0.08000
13.773656,0.04000,-0.08000
13.873823,0.08000,0.00000
13.973990,0.08000,0.00000
14.074157,0.00000,-0.08000
14.174324,0.08000,0.00000
14.274490,0.04000,-0.08000
14.374657,0.08000,-0.08000
14.474824,0.04000,0.00000
14.574991,0.04000,0.00000
14.675158,0.08000,-0.08000
14.775325,0.00000,-0.04000
14.875492,0.04000,0.00000
14.975659,0.08000,0.00000
15.075826,0.04000,-0.04000
15.175993,0.08000,-0.04000
15.276160,0.00000,0.00000
15.376327,0.04000,0.00000
15.476494,0.08000,-0.08000
15.576661,0.08000,0.00000
15.676828,0.00000,-0.04000
15.776995,0.04000,0.00000
15.877162,0.08000,-0.04000
15.977329,0.04000,-0.08000
16.077495,0.08000,0.00000
16.177662,0.08000,0.00000
16.277829,0.04000,-0.08000
16.377996,0.32000,0.28000
16.478163,0.04000,-0.04000
16.578330,0.08000,-0.08000
16.678497,0.00000,0.00000
16.778664,0.04000,-0.08000
16.878831,0.04000,0.00000
16.978998,0.12000,-0.08000
17.079165,0.04000,0.00000
17.179332,0.04000,-0.04000
17.279499,0.08000,0.00000
17.379666,0.04000,-0.04000
17.479833,0.08000,0.00000
17.580000,0.04000,0.00000
17.680167,0.00000,-0.08000
17.780334,0.08000,0.00000
17.880501,0.04000,-0.04000
17.980667,0.00000,-0.04000
18.080834,0.08000,0.00000
18.181001,0.04000,-0.04000
18.281168,0.08000,0.00000
18.381335,0.08000,0.00000
18.481502,0.00000,-0.08000
18.581669,0.04000,0.00000
18.681836,0.04000,-0.08000
18.782003,0.04000,0.00000
18.882170,0.08000,-0.08000
18.982337,0.08000,-0.04000
19.082504,0.00000,0.00000
19.182671,0.08000,0.00000
19.282838,0.04000,-0.04000
19.383005,0.04000,-0.04000
19.483172,0.08000,0.00000
19.583339,0.08000,0.00000
19.683506,0.04000,-0.04000
19.783672,0.08000,0.00000
19.883839,0.04000,-0.04000
19.984006,0.04000,0.00000
20.084173,0.08000,-0.08000
20.184340,0.04000,-0.04000
20.284507,0.08000,0.00000
20.384674,0.08000,0.00000
20.484841,0.04000,-0.04000
20.585008,0.04000,0.00000
20.685175,0.08000,-0.08000
20.785342,0.04000,-0.04000
20.885509,0.08000,0.00000
20.985676,0.08000,-0.08000
21.085843,0.04000,0.00000
21.186010,0.08000,0.00000
21.286177,0.04000,-0.08000
21.386344,0.04000,-0.08000
21.486511,0.08000,0.00000
21.586677,0.08000,-0.08000
21.686844,0.00000,0.00000
21.787011,0.08000,0.00000
21.887178,0.00000,-0.04000
21.987345,0.04000,-0.04000
22.087512,0.08000,0.00000
22.187679,0.08000,-0.04000
22.287846,0.00000,0.00000
22.388013,0.08000,0.00000
22.488180,0.00000,-0.04000
22.588347,0.08000,0.00000
22.688514,0.04000,-0.04000
22.788681,0.04000,0.32000
22.888848,0.28000,-0.08000
22.989015,0.08000,0.00000
23.089182,0.00000,-0.08000
23.189349,0.08000,0.00000
23.289516,0.04000,-0.04000
23.389682,0.04000,-0.04000
23.489849,0.04000,0.00000
23.590016,0.04000,0.00000
23.690183,0.04000,-0.08000
23.790350,0.04000,0.00000
23.890517,0.08000,-0.04000
23.990684,0.08000,0.00000
24.090851,0.04000,-0.04000
24.191018,0.04000,-0.08000
24.291185,0.08000,0.00000
24.391352,0.04000,0.00000
24.491519,0.08000,-0.04000
24.591686,0.08000,0.00000
24.691853,0.04000,-0.04000
24.792020,0.04000,-0.04000
24.892187,0.04000,0.00000
24.992354,0.04000,-0.04000
25.092521,0.08000,0.00000
25.192687,0.08000,0.00000
25.292854,0.04000,-0.04000
25.393021,0.04000,0.00000
25.493188,0.08000,-0.08000
25.593355,0.08000,-0.04000
25.693522,0.00000,0.00000
25.793689,0.04000,0.00000
25.893856,0.08000,-0.08000
25.994023,0.04000,0.00000
26.094190,0.08000,-0.08000
26.194357,0.04000,-0.04000
26.294524,0.08000,0.00000
26.394691,0.08000,0.00000
26.494858,0.04000,-0.04000
26.595025,0.08000,0.00000
26.695192,0.04000,-0.04000
26.795359,0.04000,-0.04000
26.895526,0.08000,0.00000
26.995692,0.04000,-0.04000
27.095859,0.04000,0.00000
27.196026,0.08000,0.00000
27.296193,0.04000,-0.04000
27.396360,0.08000,0.00000
27.496527,0.04000,-0.08000
27.596694,0.04000,-0.08000
27.696861,0.08000,0.00000
27.797028,0.08000,0.00000
27.897195,0.00000,-0.04000
27.997362,0.08000,0.00000
28.097529,0.04000,-0.04000
28.197696,0.04000,-0.04000
28.297863,0.08000,0.00000
28.398030,0.08000,0.00000
28.498197,0.00000,-0.08000
28.598364,0.08000,0.00000
28.698531,0.04000,-0.04000
28.798697,0.04000,-0.04000
28.898864,0.08000,0.00000
28.999031,0.04000,-0.08000
29.099198,0.08000,0.00000
29.199365,0.04000,0.40000
29.299532,0.08000,-0.08000
29.399699,0.04000,-0.08000
29.499866,0.08000,0.00000
29.600033,0.00000,-0.04000
29.700200,0.00000,-0.04000
<end>
