-29.899833,0.02800,0.03600
-29.799666,-0.01200,0.03600
-29.699499,0.02800,0.01600
-29.599332,-0.03200,0.01600
-29.499165,0.02800,0.03600
-29.398998,0.00800,0.01600
-29.298831,-0.03200,0.03600
-29.198664,0.02800,0.03600
-29.098497,-0.01200,0.01600
-28.998331,0.00800,0.03600
-28.898164,-0.01200,0.63600
-28.797997,-0.01200,0.63600
-28.697830,-0.01200,0.63600
-28.597663,0.00800,0.63600
-28.497496,-0.01200,0.61600
-28.397329,-0.01200,0.63600
-28.297162,0.00800,0.63600
-28.196995,-0.01200,0.63600
-28.096828,0.00800,0.63600
-27.996661,-0.01200,0.63600
-27.896494,0.00800,0.63600
-27.796327,0.00800,0.63600
-27.696160,-0.01200,0.61600
-27.595993,-0.01200,0.63600
-27.495826,0.00800,0.63600
-27.395659,-0.01200,0.63600
-27.295492,0.00800,0.63600
-27.195326,0.00800,0.63600
-27.095159,-0.01200,0.61600
-26.994992,-0.01200,0.63600
-26.894825,-0.01200,0.61600
-26.794658,-0.01200,0.63600
-26.694491,0.00800,0.63600
-26.594324,-0.01200,0.61600
-26.494157,0.00800,0.65600
-26.393990,0.00800,0.63600
-26.293823,-0.01200,0.61600
-26.193656,-0.01200,0.61600
-26.093489,0.00800,0.63600
-25.993322,-0.01200,0.63600
-25.893155,0.00800,0.63600
-25.792988,0.00800,0.63600
-25.692821,-0.01200,0.61600
-25.592654,0.00800,0.63600
-25.492487,-0.01200,0.61600
-25.392321,-0.01200,0.63600
-25.292154,0.00800,0.63600
-25.191987,0.00800,0.63600
-25.091820,-0.01200,0.61600
-24.991653,0.00800,0.63600
-24.891486,-0.01200,0.61600
-24.791319,-0.01200,0.63600
-24.691152,0.00800,0.63600
-24.590985,-0.01200,0.63600
-24.490818,0.00800,0.63600
-24.390651,0.00800,0.63600
-24.290484,-0.01200,0.63600
-24.190317,-0.01200,0.63600
-24.090150,0.00800,0.63600
-23.989983,-0.01200,0.63600
-23.889816,-0.01200,0.63600
-23.789649,0.00800,0.63600
-23.689482,-0.01200,0.63600
-23.589316,0.00800,0.63600
-23.489149,-0.01200,0.63600
-23.388982,-0.01200,0.63600
-23.288815,0.00800,0.65600
-23.188648,-0.01200,0.63600
-23.088481,-0.01200,0.63600
-22.988314,-0.01200,0.63600
-22.888147,0.00800,0.61600
-22.787980,-0.01200,0.63600
-22.687813,0.00800,0.61600
-22.587646,-0.01200,0.63600
-22.487479,0.00800,0.63600
-22.387312,0.00800,0.63600
-22.287145,-0.01200,0.61600
-22.186978,0.00800,0.63600
-22.086811,-0.01200,0.63600
-21.986644,-0.01200,0.61600
-21.886477,0.00800,0.63600
-21.786311,-0.01200,0.63600
-21.686144,0.00800,0.63600
-21.585977,0.00800,0.61600
-21.485810,-0.01200,0.63600
-21.385643,-0.01200,0.63600
-21.285476,0.00800,0.63600
-21.185309,-0.01200,0.63600
-21.085142,0.00800,0.63600
-20.984975,0.00800,0.63600
-20.884808,-0.01200,0.63600
-20.784641,-0.01200,0.63600
-20.684474,0.00800,0.63600
-20.584307,-0.01200,0.63600
-20.484140,-0.01200,0.63600
-20.383973,-0.01200,0.63600
-20.283806,0.00800,0.63600
-20.183639,0.00800,0.63600
-20.083472,-0.01200,0.63600
-19.983306,-0.01200,0.63600
-19.883139,0.00800,0.63600
-19.782972,-0.01200,0.63600
-19.682805,0.00800,0.63600
-19.582638,0.00800,0.63600
-19.482471,-0.01200,0.61600
-19.382304,-0.01200,0.63600
-19.282137,0.00800,0.61600
-19.181970,-0.01200,0.61600
-19.081803,-0.01200,0.63600
-18.981636,-0.01200,0.63600
-18.881469,0.00800,0.61600
-18.781302,0.00800,0.63600
-18.681135,-0.01200,0.63600
-18.580968,-0.01200,0.63600
-18.480801,0.00800,0.63600
-18.380634,0.00800,0.63600
-18.280467,-0.01200,0.63600
-18.180301,0.00800,0.63600
-18.080134,-0.01200,0.63600
-17.979967,0.00800,0.63600
-17.879800,-0.01200,0.61600
-17.779633,0.00800,0.61600
-17.679466,-0.01200,0.01600
-17.579299,0.00800,0.03600
-17.479132,-0.01200,0.01600
-17.378965,-0.01200,0.03600
-17.278798,0.00800,0.01600
-17.178631,-0.01200,0.01600
-17.078464,0.00800,0.03600
-16.978297,0.00800,0.03600
-16.878130,-0.01200,0.01600
-16.777963,0.00800,0.03600
-16.677796,-0.01200,0.01600
-16.577629,-0.01200,3.13600
-16.477462,0.58800,0.01600
-16.377295,-0.01200,0.01600
-16.277129,0.70800,0.63600
-16.176962,0.00800,0.03600
-16.076795,-0.01200,0.01600
-15.976628,-0.01200,0.01600
-15.876461,0.00800,0.03600
-15.776294,-0.01200,0.01600
-15.676127,0.00800,0.03600
-15.575960,0.00800,0.03600
-15.475793,-0.01200,0.01600
-15.375626,0.00800,0.03600
-15.275459,-0.01200,0.01600
-15.175292,-0.01200,0.01600
-15.075125,0.00800,0.03600
-14.974958,-0.01200,0.01600
-14.874791,0.00800,0.03600
-14.774624,0.00800,0.03600
-14.674457,-0.01200,0.01600
-14.574290,-0.01200,0.01600
-14.474124,0.00800,0.03600
-14.373957,-0.01200,0.01600
-14.273790,0.00800,0.03600
-14.173623,0.00800,0.03600
-14.073456,-0.01200,0.01600
-13.973289,0.00800,0.03600
-13.873122,-0.01200,0.01600
-13.772955,-0.01200,0.01600
-13.672788,0.00800,0.03600
-13.572621,0.00800,0.03600
-13.472454,-0.01200,0.01600
-13.372287,0.00800,0.03600
-13.272120,-0.01200,0.01600
-13.171953,-0.01200,0.01600
-13.071786,0.00800,0.03600
-12.971619,-0.01200,0.01600
-12.871452,0.00800,0.03600
-12.771285,0.00800,0.01600
-12.671119,-0.01200,0.03600
-12.570952,-0.01200,0.01600
-12.470785,0.00800,0.03600
-12.370618,-0.01200,0.01600
-12.270451,0.28800,0.29600
-12.170284,0.00800,0.03600
-12.070117,-0.01200,0.01600
-11.969950,0.00800,0.03600
-11.869783,-0.01200,0.01600
-11.769616,-0.01200,0.01600
-11.669449,0.00800,0.03600
-11.569282,-0.01200,0.01600
-11.469115,0.00800,0.03600
-11.368948,0.00800,0.03600
-11.268781,-0.01200,0.01600
-11.168614,-0.01200,0.01600
-11.068447,0.00800,0.03600
-10.968280,-0.01200,0.01600
-10.868114,0.00800,0.03600
-10.767947,0.00800,0.03600
-10.667780,-0.01200,0.01600
-10.567613,0.00800,0.03600
-10.467446,-0.01200,0.01600
-10.367279,-0.01200,0.01600
-10.267112,0.00800,0.03600
-10.166945,0.00800,0.03600
-10.066778,-0.01200,0.01600
-9.966611,0.00800,0.03600
-9.866444,-0.01200,0.01600
-9.766277,-0.01200,0.01600
-9.666110,0.00800,0.03600
-9.565943,-0.01200,0.01600
-9.465776,0.00800,0.03600
-9.365609,0.00800,0.03600
-9.265442,-0.01200,0.01600
-9.165275,-0.01200,0.07600
-9.065109,0.42800,0.01600
-8.964942,-0.01200,0.01600
-8.864775,0.00800,0.03600
-8.764608,0.40800,0.01600
-8.664441,-0.01200,0.25600
-8.564274,0.32800,0.01600
-8.464107,-0.01200,0.31600
-8.363940,-0.01200,0.01600
-8.263773,0.24800,0.31600
-8.163606,-0.01200,0.01600
-8.063439,0.00800,0.03600
-7.963272,0.22800,0.25600
-7.863105,-0.01200,0.01600
-7.762938,-0.01200,0.01600
-7.662771,0.00800,0.03600
-7.562604,-0.01200,0.01600
-7.462437,0.00800,0.03600
-7.362270,0.00800,0.03600
-7.262104,-0.01200,0.01600
-7.161937,0.00800,0.03600
-7.061770,-0.01200,0.01600
-6.961603,-0.01200,0.01600
-6.861436,0.00800,0.03600
-6.761269,0.00800,0.03600
-6.661102,-0.01200,0.01600
-6.560935,0.00800,0.03600
-6.460768,-0.01200,0.01600
-6.360601,-0.01200,0.01600
-6.260434,0.00800,0.03600
-6.160267,-0.01200,0.01600
-6.060100,0.00800,0.03600
-5.959933,0.00800,0.03600
-5.859766,-0.01200,0.01600
-5.759599,0.00800,0.01600
-5.659432,-0.01200,0.03600
-5.559265,-0.01200,0.01600
-5.459098,0.00800,0.03600
-5.358932,0.00800,0.03600
-5.258765,-0.01200,0.01600
-5.158598,0.00800,0.03600
-5.058431,-0.01200,0.01600
-4.958264,-0.01200,0.01600
-4.858097,0.00800,0.03600
-4.757930,-0.01200,0.01600
-4.657763,0.00800,0.03600
-4.557596,0.00800,0.03600
-4.457429,-0.01200,0.01600
-4.357262,-0.01200,0.01600
-4.257095,0.00800,0.03600
-4.156928,-0.01200,0.01600
-4.056761,0.00800,0.03600
-3.956594,0.00800,0.03600
-3.856427,-0.01200,0.01600
-3.756260,0.00800,0.03600
-3.656093,-0.01200,0.01600
-3.555927,-0.01200,0.01600
-3.455760,0.00800,0.03600
-3.355593,0.00800,0.03600
-3.255426,-0.01200,0.01600
-3.155259,0.00800,0.03600
-3.055092,-0.01200,0.01600
-2.954925,-0.01200,0.01600
-2.854758,0.00800,0.03600
-2.754591,-0.01200,0.01600
-2.654424,0.00800,0.03600
-2.554257,0.00800,0.03600
-2.454090,-0.01200,0.01600
-2.353923,0.00800,0.03600
-2.253756,-0.01200,0.01600
-2.153589,-0.01200,0.01600
-2.053422,0.00800,0.03600
-1.953255,0.00800,0.03600
-1.853088,-0.01200,0.01600
-1.752922,0.00800,0.03600
-1.652755,-0.01200,0.01600
-1.552588,-0.01200,0.01600
-1.452421,0.00800,0.03600
-1.352254,-0.01200,0.01600
-1.252087,0.00800,0.03600
-1.151920,0.00800,0.03600
-1.051753,-0.01200,0.01600
-0.951586,-0.01200,0.01600
-0.851419,0.00800,0.03600
-0.751252,-0.01200,0.01600
-0.651085,0.00800,0.03600
-0.550918,0.00800,0.03600
-0.450751,-0.01200,0.01600
-0.350584,0.00800,0.03600
-0.250417,-0.01200,0.01600
-0.150250,-0.01200,0.01600
-0.050083,0.00800,0.03600
0.050083,-0.01200,0.01600
0.150250,0.00800,0.03600
0.250417,0.00800,0.03600
0.350584,-0.01200,0.01600
0.450751,-0.01200,0.01600
0.550918,0.00800,0.03600
0.651085,-0.01200,0.03600
0.751252,0.02800,0.01600
0.851419,0.00800,0.03600
0.951586,-0.01200,0.01600
1.051753,0.00800,0.03600
1.151920,-0.01200,0.01600
1.252087,-0.01200,0.01600
1.352254,0.00800,0.03600
1.452421,0.00800,0.03600
1.552588,-0.01200,0.01600
1.652755,0.00800,0.03600
1.752922,-0.01200,0.01600
1.853088,-0.01200,0.01600
1.953255,0.00800,0.03600
2.053422,-0.01200,0.03600
2.153589,0.00800,0.01600
2.253756,-0.01200,0.03600
2.353923,0.00800,0.01600
2.454090,-0.01200,0.01600
2.554257,0.00800,0.03600
2.654424,-0.01200,0.01600
2.754591,0.00800,0.03600
2.854758,0.00800,0.03600
2.954925,-0.01200,0.01600
3.055092,0.00800,0.03600
3.155259,-0.01200,0.01600
3.255426,-0.01200,0.01600
3.355593,0.00800,0.03600
3.455760,-0.01200,0.01600
3.555927,0.00800,0.03600
3.656093,0.00800,0.03600
3.756260,-0.01200,0.01600
3.856427,-0.01200,0.01600
3.956594,0.00800,0.03600
4.056761,-0.01200,0.01600
4.156928,0.00800,0.03600
4.257095,0.00800,0.03600
4.357262,-0.01200,0.01600
4.457429,0.00800,0.03600
4.557596,-0.01200,0.01600
4.657763,-0.01200,0.01600
4.757930,0.00800,0.03600
4.858097,0.00800,0.03600
4.958264,-0.01200,0.01600
5.058431,0.00800,0.03600
5.158598,-0.01200,0.01600
5.258765,-0.01200,0.01600
5.358932,0.00800,0.03600
5.459098,-0.01200,0.01600
5.559265,0.00800,0.03600
5.659432,0.00800,0.03600
5.759599,-0.01200,0.01600
5.859766,-0.01200,0.01600
5.959933,0.00800,0.03600
6.060100,-0.01200,0.01600
6.160267,0.00800,0.03600
6.260434,0.00800,0.03600
6.360601,-0.01200,0.01600
6.460768,0.00800,0.03600
6.560935,-0.01200,0.01600
6.661102,-0.01200,0.03600
6.761269,0.00800,0.01600
6.861436,-0.01200,0.01600
6.961603,0.00800,0.03600
7.061770,0.00800,0.03600
7.161937,-0.01200,0.01600
7.262104,-0.01200,0.01600
7.362270,0.00800,0.03600
7.462437,-0.01200,0.01600
7.562604,0.00800,0.03600
7.662771,0.00800,0.03600
7.762938,-0.01200,0.01600
7.863105,0.00800,0.03600
7.963272,-0.01200,0.01600
8.063439,-0.01200,0.01600
8.163606,0.00800,0.03600
8.263773,0.00800,0.03600
8.363940,-0.01200,0.01600
8.464107,0.00800,0.03600
8.564274,-0.01200,0.01600
8.664441,-0.01200,0.01600
8.764608,0.00800,0.03600
8.864775,-0.01200,0.01600
8.964942,0.00800,0.03600
9.065109,0.00800,0.03600
9.165275,-0.01200,0.01600
9.265442,0.00800,0.03600
9.365609,-0.01200,0.01600
9.465776,-0.01200,0.01600
9.565943,0.00800,0.03600
9.666110,0.00800,0.03600
9.766277,-0.01200,0.01600
9.866444,0.00800,0.03600
9.966611,-0.01200,0.01600
10.066778,-0.01200,0.01600
10.166945,0.00800,0.03600
10.267112,-0.01200,0.01600
10.367279,0.00800,0.03600
10.467446,0.00800,0.03600
10.567613,-0.01200,0.01600
10.667780,-0.01200,0.01600
10.767947,0.00800,0.03600
10.868114,-0.01200,0.01600
10.968280,0.00800,0.03600
11.068447,0.00800,0.03600
11.168614,-0.01200,0.01600
11.268781,-0.01200,0.03600
11.368948,0.00800,0.01600
11.469115,-0.01200,0.01600
11.569282,0.00800,0.03600
11.669449,0.00800,0.01600
11.769616,-0.01200,0.03600
11.869783,0.00800,0.03600
11.969950,-0.01200,0.01600
12.070117,-0.01200,0.01600
12.170284,0.00800,0.03600
12.270451,-0.01200,0.01600
12.370618,0.00800,0.03600
12.470785,0.00800,0.03600
12.570952,-0.01200,0.01600
12.671119,0.00800,0.03600
12.771285,-0.01200,0.01600
12.871452,-0.01200,0.03600
12.971619,0.00800,0.01600
13.071786,0.00800,0.01600
13.171953,-0.01200,0.03600
13.272120,0.00800,0.03600
13.372287,-0.01200,0.01600
13.472454,-0.01200,0.01600
13.572621,0.00800,0.03600
13.672788,-0.01200,0.01600
13.772955,0.00800,0.03600
13.873122,0.00800,0.03600
13.973289,-0.01200,0.01600
14.073456,-0.01200,0.01600
14.173623,0.00800,0.03600
14.273790,-0.01200,0.01600
14.373957,-0.01200,0.03600
14.474124,0.00800,0.03600
14.574290,-0.01200,0.01600
14.674457,0.00800,0.03600
14.774624,-0.01200,0.01600
14.874791,-0.01200,0.01600
14.974958,0.00800,0.03600
15.075125,-0.01200,0.01600
15.175292,0.00800,0.03600
15.275459,0.00800,0.03600
15.375626,-0.01200,0.01600
15.475793,-0.01200,0.01600
15.575960,0.00800,0.03600
15.676127,-0.01200,0.01600
15.776294,0.00800,0.03600
15.876461,-0.01200,0.03600
15.976628,0.00800,0.01600
16.076795,0.00800,0.03600
16.176962,-0.01200,0.03600
16.277129,-0.01200,0.01600
16.377295,0.00800,0.03600
16.477462,0.00800,0.03600
16.577629,-0.01200,0.01600
16.677796,0.00800,0.03600
16.777963,-0.01200,0.01600
16.878130,-0.01200,0.01600
16.978297,0.00800,0.03600
17.078464,-0.01200,0.01600
17.178631,0.00800,0.03600
17.278798,0.10800,0.09600
17.378965,-0.01200,0.01600
17.479132,-0.01200,0.01600
17.579299,0.40800,0.03600
17.679466,-0.01200,0.47600
17.779633,0.00800,0.01600
17.879800,0.10800,0.43600
17.979967,-0.01200,0.01600
18.080134,0.24800,0.27600
18.180301,-0.01200,0.01600
18.280467,-0.01200,0.31600
18.380634,0.24800,0.01600
18.480801,-0.01200,0.01600
18.580968,0.00800,0.03600
18.681135,0.00800,0.03600
18.781302,-0.01200,0.01600
18.881469,-0.01200,0.01600
18.981636,0.00800,0.03600
19.081803,-0.01200,0.01600
19.181970,0.00800,0.03600
19.282137,0.00800,0.03600
19.382304,-0.01200,0.01600
19.482471,0.00800,0.03600
19.582638,-0.01200,0.01600
19.682805,-0.01200,0.01600
19.782972,0.00800,0.03600
19.883139,0.00800,0.03600
19.983306,-0.01200,0.01600
20.083472,0.00800,0.03600
20.183639,-0.01200,0.01600
20.283806,-0.01200,0.03600
20.383973,0.00800,0.01600
20.484140,-0.01200,0.03600
20.584307,0.00800,0.03600
20.684474,0.00800,0.03600
20.784641,-0.01200,0.01600
20.884808,-0.01200,0.03600
20.984975,0.00800,0.03600
21.085142,-0.01200,0.03600
21.185309,0.00800,0.01600
21.285476,0.00800,0.03600
21.385643,-0.01200,0.01600
21.485810,0.00800,0.03600
21.585977,-0.01200,0.01600
21.686144,-0.01200,0.01600
21.786311,0.00800,0.03600
21.886477,-0.01200,0.01600
21.986644,0.00800,0.03600
22.086811,0.00800,0.03600
22.186978,-0.01200,0.01600
22.287145,-0.01200,0.01600
22.387312,0.00800,0.03600
22.487479,-0.01200,0.01600
22.587646,0.00800,0.03600
22.687813,0.00800,0.03600
22.787980,-0.01200,0.01600
22.888147,0.00800,0.03600
22.988314,-0.01200,0.01600
23.088481,-0.01200,0.01600
23.188648,0.00800,0.03600
23.288815,0.00800,0.01600
23.388982,-0.01200,0.03600
23.489149,0.00800,0.03600
23.589316,-0.01200,0.01600
23.689482,-0.01200,0.01600
23.789649,0.00800,0.03600
23.889816,-0.01200,0.01600
23.989983,0.00800,0.03600
24.090150,0.00800,0.03600
24.190317,-0.01200,0.01600
24.290484,0.00800,0.03600
24.390651,-0.01200,0.01600
24.490818,-0.01200,0.01600
24.590985,0.00800,0.03600
24.691152,0.00800,0.03600
24.791319,-0.01200,0.01600
24.891486,0.00800,0.03600
24.991653,-0.01200,0.03600
25.091820,-0.01200,0.01600
25.191987,0.00800,0.03600
25.292154,-0.01200,0.01600
25.392321,0.00800,0.03600
25.492487,0.00800,0.03600
25.592654,-0.01200,0.01600
25.692821,-0.01200,0.01600
25.792988,0.00800,0.03600
25.893155,-0.01200,0.01600
25.993322,0.00800,0.03600
26.093489,0.00800,0.03600
26.193656,-0.01200,0.01600
26.293823,0.00800,0.03600
26.393990,-0.01200,0.01600
26.494157,-0.01200,0.01600
26.594324,0.00800,0.03600
26.694491,0.00800,0.03600
26.794658,-0.01200,0.01600
26.894825,0.00800,0.03600
26.994992,-0.01200,0.01600
27.095159,-0.01200,0.01600
27.195326,0.00800,0.03600
27.295492,-0.01200,0.01600
27.395659,0.00800,0.03600
27.495826,0.00800,0.03600
27.595993,-0.01200,0.01600
27.696160,0.00800,0.03600
27.796327,-0.01200,0.01600
27.896494,-0.01200,0.01600
27.996661,0.00800,0.03600
28.096828,0.00800,0.03600
28.196995,-0.01200,0.01600
28.297162,0.00800,0.03600
28.397329,-0.01200,0.01600
28.497496,-0.01200,0.03600
28.597663,0.00800,0.01600
28.697830,-0.01200,0.01600
28.797997,0.00800,0.03600
28.898164,0.00800,0.03600
28.998331,-0.01200,0.01600
29.098497,-0.01200,0.01600
29.198664,0.00800,0.03600
29.298831,-0.01200,0.01600
29.398998,0.00800,0.03600
29.499165,0.00800,0.03600
29.599332,-0.01200,0.01600
29.699499,0.00800,0.03600
29.799666,-0.01200,0.03600
29.899833,-0.01200,0.01600
30.000000,-0.01200,0.01600
